
Date and time:06/04/2021, 12:20:04
Enterd values:
T1:0.0
T2:2.0
a:4.0
Result of program:
Request and time when done:
0   0.0    
0.21   0.21    
0.36   0.36    
0.55   0.55    
0.8   0.8    
1.05   1.05    
1.2   1.2    
1.32   1.32    
1.49   1.49    
1.7   1.7    
1.85   1.85    
Stop        
0   0.0    
0.24   0.24    
0.45   0.45    
0.69   0.69    
0.84   0.84    
1.03   1.03    
1.03   1.03    
1.28   1.28    
1.51   1.51    
1.72   1.72    
1.96   1.96    
Stop        
0   0.0    
0.21   0.21    
0.29   0.29    
0.44   0.44    
0.69   0.69    
0.81   0.81    
0.98   0.98    
1.23   1.23    
1.35   1.35    
1.47   1.47    
1.55   1.55    
1.79   1.79    
1.91   1.91    
Stop        
0   0.0    
0.12   0.12    
0.2   0.2    
0.41   0.41    
0.56   0.56    
0.81   0.81    
0.93   0.93    
1.16   1.16    
1.24   1.24    
1.45   1.45    
1.64   1.64    
1.79   1.79    
1.91   1.91    
1.91   1.91    
Stop        
0   0.0    
0.25   0.25    
0.33   0.33    
0.57   0.57    
0.74   0.74    
0.86   0.86    
1.07   1.07    
1.31   1.31    
1.43   1.43    
1.58   1.58    
1.73   1.73    
1.9   1.9    
Stop        
0   0.0    
0.19   0.19    
0.38   0.38    
0.38   0.38    
0.38   0.38    
0.62   0.62    
0.86   0.86    
1.11   1.11    
1.23   1.23    
1.46   1.46    
1.71   1.71    
1.88   1.88    
Stop        
0   0.0    
0.19   0.19    
0.43   0.43    
0.66   0.66    
0.91   0.91    
1.1   1.1    
1.22   1.22    
1.46   1.46    
1.69   1.69    
1.77   1.77    
1.92   1.92    
2.0   2.0    
Stop        
