
Время прихода заявок:
0, 0.07, 0.25, 0.27, 0.35, 0.36, 0.42, 0.44, 0.44, 0.69, 0.69, 0.82, 0.86, 1.03, 1.11, 1.24, 1.28, 1.38, 1.39, 1.39, 1.43, 1.56, 1.61, 1.71, 1.84, 1.85, 1.89, 2.07, 2.2, 2.21, 2.39, 2.48, 2.62, 2.75, 2.88, 

Время прихода заявок:
0, 0.0, 0.1, 0.2, 0.37, 0.51, 0.84, 1.07, 1.15, 1.16, 1.21, 1.31, 1.31, 1.55, 1.78, 1.8, 1.97, 2.2, 2.2, 2.44, 2.61, 2.66, 2.69, 2.75, 2.82, 2.85, 2.9, 2.98, 2.98, 3.11, 3.44, 3.62, 3.75, 3.8, 4.04, 4.21, 4.22, 4.32, 4.32, 4.56, 4.73, 5.06, 5.08, 5.25, 5.33, 5.46, 5.59, 5.61, 5.64, 5.74, 6.07, 6.41, 6.42, 6.42, 6.49, 6.67, 6.9, 6.95, 6.99, 7.22, 7.29, 7.37, 7.44, 7.77, 7.87, 8.21, 8.24, 8.27, 8.37, 8.5, 8.64, 8.81, 8.83, 8.96, 9.19, 9.42, 9.66, 9.99, 10.32, 10.66, 10.99, 11.0, 11.0, 11.34, 11.47, 11.7, 12.04, 12.05, 12.1, 12.16, 12.29, 12.36, 12.44, 12.57, 12.57, 12.57, 12.64, 12.7, 12.7, 12.83, 12.88, 12.91, 13.01, 13.01, 13.03, 13.13, 13.23, 13.23, 13.28, 13.31, 13.54, 13.78, 13.85, 14.03, 14.1, 14.27, 14.27, 14.29, 14.3, 14.38, 14.43, 14.46, 14.56, 14.7, 14.7, 14.7, 14.79, 14.87, 15.0, 15.13, 15.19, 15.36, 15.36, 15.49, 15.57, 15.58, 15.66, 15.76, 15.99, 16.12, 16.26, 16.31, 16.41, 16.44, 16.67, 16.85, 17.02, 17.04, 17.37, 17.47, 17.5, 17.73, 17.77, 18.0, 18.01, 18.19, 18.26, 18.26, 18.28, 18.41, 18.64, 18.64, 18.68, 18.69, 18.82, 19.16, 19.16, 19.39, 19.42, 19.75, 
Дата и время работы:06/04/2021, 12:17:50
Введенные данные:
Время обработки каждой заявки:0.5минут
Время принятия заявок:3минут
Альфа:4
Результат выполнения программы:
Заявка, очередь и окончанение выполнения:
0   0.5      
0.011     0.511    
0.05       0.55  
0.125         0.625
0.125   1.005      
0.375     1.015    
0.414       1.054  
0.513         1.133
0.568   1.508      
0.699     1.519    
0.723       1.563  
0.723         1.633
0.778   2.008      
0.802     2.022    
1.052       2.072  
1.227         2.137
1.302   2.512      
1.401     2.531    
1.456       2.576  
1.531         2.641
1.781   3.021      
1.856     3.036    
1.931       3.081  
1.955         3.145
2.086   3.526      
2.141     3.541    
2.165       3.585  
2.204         3.654
2.215   4.035      
2.215     4.045    
2.465       4.085  
2.64         4.16
2.771   4.541      
2.846     4.546    
2.921       4.591  

Дата и время работы:06/04/2021, 12:19:09
Введенные данные:
Время обработки каждой заявки:0.5минут
Время принятия заявок:1минут
Альфа:4
Результат выполнения программы:
Заявка, очередь и окончанение выполнения:
0   0.5      
0.011     0.511    
0.035       0.535  
0.035         0.535
0.059   1.009      
0.158     1.018    
0.197       1.037  
0.372         1.042
0.411   1.511      
0.542     1.522    
0.553       1.543  
0.577         1.547
0.588   2.018      
0.599     2.029    
0.654       2.044  
0.729         2.049
0.86   2.52      
0.991     2.531    

Дата и время работы:06/04/2021, 14:08:30
Введенные данные:
Время обработки каждой заявки:22222минут
Время принятия заявок:11минут
Альфа:11

Дата и время работы:06/04/2021, 14:15:36
Введенные данные:
Время обработки каждой заявки:333минут
Время принятия заявок:333минут
Альфа:3

Дата и время работы:06/04/2021, 14:18:43
Введенные данные:
Время обработки каждой заявки:0.5минут
Время принятия заявок:20минут
Альфа:3
Результат выполнения программы:
Заявка, очередь и окончанение выполнения:
0   0.5      
0.0     0.5    
0.333       0.833  
0.348         0.848
0.4   1.0      
0.633     1.133    
0.807       1.337  
0.839         1.349
1.072   1.572      
1.405     1.905    
1.638   2.138      
1.69       2.19  
1.923     2.423    
1.938         2.438
1.97   2.64      
2.103       2.693  
2.103     2.933    
2.135         2.945
2.368   3.148      
2.468       3.198  
2.801     3.441    
2.901         3.451
2.933   3.653      
3.107       3.707  
3.207     3.947    
3.222         3.952
3.274   4.154      
3.306       4.216  
3.639     4.449    
3.713         4.453
4.046   4.656      
4.046       4.716  
4.078     4.958    
4.13         4.96
4.182   5.162      
4.182       5.222  
4.197     5.467    
4.297         5.467
4.371   5.671      
4.604       5.724  
4.737     5.967    
4.837         5.967
4.852   6.172      
5.185       6.225  
5.418     6.468    
5.45         6.47
5.783   6.673      
5.957       6.727  
6.131     6.971    
6.305         6.975
6.357   7.177      
6.409       7.229  
6.742     7.472    
6.842         7.482
7.016   7.686      
7.068       7.738  
7.12     7.98    
7.353         7.983
7.353   8.193      
7.586       8.246  
7.819     8.489    
7.893         8.483
7.908   8.698      
8.008       8.748  
8.341     8.991    
8.574         9.074
8.648   9.198      
8.981       9.481  
9.214   9.714      
9.214     9.714    
9.388         9.888
9.488       9.988  
9.488   10.218      
9.662     10.222    
9.836         10.396
9.851       10.491  
9.903   10.723      
9.977     10.727    
10.077         10.897
10.129       10.999  
10.303   11.233      
10.403     11.233    
10.736         11.406
10.969       11.499  
11.143   11.733      
11.195     11.735    
11.21         11.91
11.242       12.002  
11.342   12.242      
11.475     12.235    
11.49         12.41
11.723       12.503  
11.856     12.736    
11.908   12.748      
12.241         12.911
12.415       13.005  
12.467     13.237    
12.519   13.249      
12.551         13.411
12.566       13.506  
12.74     13.74    
12.772   13.752      
12.905         13.915
13.079       14.009  
13.079     14.249    
13.212   14.252      
13.545         14.415
13.56       14.51  
13.734   14.754      
14.067     14.757    
14.082         14.922
14.182       15.012  
14.197   15.257      
14.249     15.259    
14.582         15.422
14.656       15.516  
14.83   15.76      
15.004     15.764    
15.078         15.928
15.152       16.022  
15.204   16.264      
15.256     16.266    
15.589         16.429
15.722       16.522  
15.896   16.766      
16.229     16.769    
16.229         16.929
16.462       17.022  
16.795   17.295      
16.895     17.395    
16.91         17.43
17.084       17.584  
17.099   17.799      
17.151     17.901    
17.166         17.936
17.266       18.086  
17.318   18.308      
17.492     18.402    
17.544         18.444
17.718       18.588  
17.851   18.811      
17.925     18.905    
18.099         18.949
18.099       19.089  
18.232   19.312      
18.406     19.406    
18.406         19.456
18.421       19.591  
18.595   19.815      
18.769     19.909    
19.002         19.962
19.017       20.097  
19.049   20.319      
19.149     20.409    
19.201         20.471
19.253       20.603  
19.305   20.825      
19.305     20.915    
19.638         20.978
19.971       21.111  

Дата и время работы:06/04/2021, 14:19:00
Введенные данные:
Время обработки каждой заявки:20минут
Время принятия заявок:50минут
Альфа:2
Результат выполнения программы:
Заявка, очередь и окончанение выполнения:
0   20.0      
0.111     20.111    
0.372       20.372  
0.395         20.395
0.656   40.006      
0.917     40.117    
1.068       40.378  
1.219         40.399
1.418   60.008      
1.679     60.119    
2.179       60.379  
2.528         60.408
2.605   80.015      
2.756     80.126    
3.017       80.387  
3.366         80.416
3.443   100.023      
3.792     100.132    
3.943       100.393  
3.943         100.423
4.054   120.024      
4.253     120.133    
4.301       120.401  
4.801         120.431
4.824   140.024      
4.975     140.135    
5.023       140.403  
5.1         140.44
5.251   160.031      
5.45     160.14    
5.95       160.41  
5.998         160.448
6.046   180.036      
6.197     180.147    
6.458       180.418  
6.481         180.451
6.83   200.04      
7.33     200.15    
7.441       200.421  
7.464         200.454
7.541   220.041      
7.652     220.152    
7.675       220.425  
7.874         220.464
8.223   240.043      
8.572     240.152    
8.833       240.433  
8.833         240.473
8.856   260.046      
8.904     260.154    
9.055       260.435  
9.103         260.483
9.302   280.052      
9.651     280.161    
10.0       280.44  
10.349         280.489
10.397   300.057      
10.397     300.167    
10.548       300.448  
10.596         300.496
10.857   320.057      
11.008     320.168    
11.008       320.448  
11.056         320.496
11.056   340.066      
11.056     340.176    
11.207       340.457  
11.255         340.505
11.303   360.073      
11.502     360.182    
11.525       360.465  
11.525         360.505
11.573   380.073      
11.834     380.184    
11.945       380.465  
12.022         380.512
12.221   400.081      
12.721     400.191    
12.92       400.47  
12.997         400.517
13.02   420.09      
13.369     420.199    
13.417       420.477  
13.465         420.525
13.488   440.098      
13.749     440.199    
13.86       440.48  
14.121         440.531
14.121   460.101      
14.32     460.2    
14.32       460.48  
14.368         460.538
14.519   480.109      
14.567     480.207    
14.766       480.486  
14.965         480.545
15.226   500.116      
15.249     500.209    
15.4       500.49  
15.511         500.551
15.511   520.121      
15.559     520.209    
15.67       520.49  
15.747         520.557
15.898   540.128      
16.398     540.218    
16.898       540.498  
17.009         540.559
17.509   560.129      
17.509     560.219    
17.509       560.499  
17.708         560.568
17.819   580.129      
17.842     580.222    
17.842       580.502  
18.191         580.571
18.39   600.13      
18.438     600.228    
18.699       600.509  
18.898         600.578
19.159   620.139      
19.42     620.23    
19.468       620.518  
19.729         620.579
19.99   640.14      
20.49     640.23    
20.839       640.519  
21.038         640.588
21.189   660.149      
21.189     660.239    
21.388       660.528  
21.388         660.588
21.888   680.158      
21.936     680.246    
22.197       680.537  
22.458         680.588
22.657   700.167      
22.918     700.248    
22.918       700.538  
22.941         700.591
23.14   720.17      
23.251     720.251    
23.251       720.541  
23.512         720.592
23.623   740.173      
23.671     740.251    
23.87       740.55  
24.069         740.599
24.33   760.18      
24.591     760.251    
24.702       760.552  
24.901         760.601
24.978   780.188      
25.177     780.257    
25.376       780.556  
25.575         780.605
25.836   800.196      
25.947     800.257    
25.97       800.56  
26.319         800.609
26.819   820.199      
27.018     820.258    
27.041       820.561  
27.192         820.612
27.215   840.205      
27.414     840.264    
27.462       840.562  
27.661         840.621
27.922   860.212      
28.073     860.273    
28.573       860.563  
28.772         860.622
28.772   880.212      
28.883     880.273    
29.144       880.564  
29.644         880.624
29.755   900.215      
29.866     900.276    
30.215       900.565  
30.263         900.633
30.763   920.223      
30.962     920.282    
31.039       920.569  
31.19         920.64
31.539   940.229      
31.562     940.282    
32.062       940.572  
32.173         940.643
32.522   960.232      
32.522     960.282    
32.57       960.58  
32.618         960.648
32.769   980.239      
32.769     980.289    
32.792       980.582  
32.869         980.649
32.98   1000.24      
33.003     1000.293    
33.003       1000.583  
33.08         1000.65
33.157   1020.247      
33.506     1020.296    
33.617       1020.587  
33.617         1020.657
33.768   1040.248      
33.879     1040.299    
33.99       1040.59  
34.141         1040.661
34.164   1060.254      
34.212     1060.302    
34.473       1060.593  
34.734         1060.664
35.234   1080.254      
35.495     1080.305    
35.694       1080.594  
35.742         1080.672
35.941   1100.261      
35.989     1100.309    
36.012       1100.602  
36.512         1100.672
36.512   1120.262      
36.56     1120.31    
36.909       1120.609  
37.258         1120.678
37.758   1140.268      
38.107     1140.317    
38.368       1140.618  
38.479         1140.679
38.556   1160.276      
38.905     1160.325    
38.953       1160.623  
39.001         1160.681
39.049   1180.279      
39.31     1180.33    
39.571       1180.631  
39.832         1180.682
39.943   1200.283      
39.966     1200.336    
39.966       1200.636  
39.989         1200.689
40.489   1220.289      
40.537     1220.337    
40.56       1220.64  
40.637         1220.697
40.66   1240.29      
40.683     1240.343    
40.834       1240.644  
41.183         1240.703
41.334   1260.294      
41.595     1260.345    
41.944       1260.644  
41.967         1260.707
42.015   1280.295      
42.063     1280.353    
42.412       1280.652  
42.761         1280.711
42.872   1300.302      
42.895     1300.355    
43.156       1300.656  
43.267         1300.717
43.378   1320.308      
43.426     1320.356    
43.537       1320.657  
43.614         1320.724
43.813   1340.313      
44.313     1340.363    
44.662       1340.662  
44.685         1340.725
44.796   1360.316      
45.145     1360.365    
45.645       1360.665  
45.844         1360.734
46.193   1380.323      
46.193     1380.373    
46.392       1380.672  
46.503         1380.743
46.526   1400.326      
46.603     1400.373    
46.952       1400.672  
47.213         1400.743
47.261   1420.331      
47.522     1420.382    
47.522       1420.672  
47.57         1420.75
47.647   1440.337      
47.647     1440.387    
47.695       1440.675  
47.772         1440.752
47.883   1460.343      
47.931     1460.391    
47.954       1460.684  
48.454         1460.754
48.715   1480.345      
48.826     1480.396    
48.826       1480.686  
49.087         1480.757
49.198   1500.348      
49.275     1500.405    
49.536       1500.686  
49.885         1500.765
49.908   1520.348      

Дата и время работы:06/06/2021, 01:12:04
Введенные данные:
Время обработки каждой заявки:1минут
Время принятия заявок:3минут
Альфа:4
Результат выполнения программы:
Заявка, очередь и окончанение выполнения:
0   1.0      
0.131     1.131    
0.131       1.131  
0.306         1.306
0.437   2.007      
0.437     2.137    
0.512       2.132  
0.512         2.312
0.611   3.011      
0.71     3.14    
0.749       3.139  
0.924         3.314
1.055   4.015      
1.055     4.145    
1.23       4.14  
1.305         4.315
1.48   5.02      
1.579     5.149    
1.754       5.144  
2.004         5.324
2.043   6.023      
2.174       6.144  
2.213     6.153    
2.312         6.332
2.411   7.031      
2.542       7.152  
2.673     7.153    
2.772         7.332
2.796   8.036      

Дата и время работы:06/06/2021, 01:22:29
Введенные данные:
Время обработки каждой заявки:3минут
Время принятия заявок:15минут
Альфа:3
Результат выполнения программы:
Заявка, очередь и окончанение выполнения:
0   3.0      
0.074     3.074    
0.248       3.248  
0.348         3.348
0.363   6.003      
0.696     6.076    
0.929       6.249  
0.929         6.349
1.262   9.012      
1.314     9.084    
1.346       9.256  
1.398         9.358
1.531   12.021      
1.583     12.093    
1.716       12.256  
1.89         12.36
1.942   15.022      
1.957     15.097    
1.972       15.262  
2.004         15.364
2.178   18.028      
2.252     18.102    
2.352       18.262  
2.485         18.365
2.818   21.028      
2.951     21.111    
2.983       21.263  
3.216         21.366
3.449   24.029      
3.782     24.112    
3.956       24.266  
4.008         24.368
4.341   27.031      
4.356     27.116    
4.43       27.27  
4.604         27.374
4.604   30.034      
4.737     30.117    
5.07       30.27  
5.144         30.374
5.144   33.034      
5.477     33.117    
5.71       33.27  
5.71         33.38
5.843   36.043      
6.076     36.126    
6.128       36.278  
6.16         36.39
6.192   39.052      
6.224     39.134    
6.239       39.279  
6.239         39.399
6.372   42.052      
6.424     42.134    
6.598       42.288  
6.698         42.408
6.698   45.058      
6.75     45.14    
6.924       45.294  
7.057         45.417
7.109   48.059      
7.109     48.149    
7.124       48.294  
7.457         48.427
7.69   51.06      
7.79     51.15    
7.79       51.3  
7.89         51.43
7.905   54.065      
8.138     54.158    
8.212       54.302  
8.212         54.432
8.545   57.065      
8.545     57.165    
8.545       57.305  
8.619         57.439
8.619   60.069      
8.634     60.174    
8.767       60.307  
9.1         60.44
9.115   63.075      
9.289     63.179    
9.363       63.313  
9.395         63.445
9.395   66.085      
9.395     66.185    
9.41       66.32  
9.584         66.454
9.917   69.087      
9.932     69.192    
10.106       69.326  
10.18         69.46
10.254   72.094      
10.387     72.197    
10.387       72.327  
10.439         72.469
10.439   75.099      
10.491     75.201    
10.724       75.334  
10.724         75.474
10.898   78.108      
10.998     78.208    
11.131       78.341  
11.264         78.474
11.597   81.117      
11.771     81.211    
11.771       81.341  
11.945         81.475
12.078   84.118      
12.152     84.212    
12.326       84.346  
12.4         84.48
12.574   87.124      
12.907     87.217    
13.14       87.35  
13.155         87.485
13.255   90.125      
13.488     90.218    
13.503       90.353  
13.677         90.487
14.01   93.13      
14.062     93.222    
14.195       93.355  
14.227         93.487
14.301   96.131      
14.434     96.224    
14.534       96.364  
14.608         96.488
14.682   99.132      
14.756     99.226    

Дата и время работы:06/06/2021, 01:30:58
Введенные данные:
Время обработки каждой заявки:1минут
Время принятия заявок:20минут
Альфа:2
Результат выполнения программы:
Заявка, очередь и окончанение выполнения:
0   1.0      
0.048     1.048    
0.247       1.247  
0.27         1.27
0.27   2.0      
0.619     2.049    
0.968       2.248  
1.317         2.317
1.428   3.008      
1.777     3.057    
1.777       3.257  
1.976         3.326
2.127   4.017      
2.627     4.057    
3.127       4.267  
3.326         4.326
3.477   5.027      
3.588     5.058    
3.787       5.277  
3.787         5.327
4.287   6.027      
4.287     6.067    
4.335       6.285  
4.835         6.335
4.883   7.033      
5.034     7.074    
5.185       7.285  
5.336         7.336
5.685   8.035      
5.762     8.082    
5.961       8.291  
5.961         8.341
5.984   9.044      
6.333     9.083    
6.356       9.296  
6.379         9.349
6.427   10.047      
6.475     10.085    
6.736       10.296  
6.997         10.357
7.045   11.055      
7.196     11.086    
7.395       11.305  
7.443         11.363
7.943   12.063      
7.943     12.093    
8.02       12.31  
8.02         12.37
8.369   13.069      
8.869     13.099    
9.068       13.318  
9.091         13.371
9.352   14.072      
9.4     14.1    
9.477       14.327  
9.977         14.377
10.326   15.076      
10.525     15.105    
10.676       15.336  
10.787         15.377
10.938   16.078      
11.015     16.105    
11.515       16.345  
11.864         16.384
11.912   17.082      
12.111     17.111    
12.46       17.35  
12.46         17.39
12.508   18.088      
12.556     18.116    
12.817       18.357  
13.078         18.398
13.427   19.097      
13.927     19.117    
14.276       19.366  
14.776         19.406
15.037   20.097      
15.236     20.126    
15.585       20.375  
16.085         20.415
16.585   21.105      
16.784     21.134    
17.284       21.384  
17.435         21.415
17.546   22.106      
17.807     22.137    
18.307       22.387  
18.458         22.418
18.657   23.107      
18.734     23.144    
18.885       23.395  
19.084         23.424
19.161   24.111      
19.36     24.15    
19.36       24.4  
19.511         24.431
19.71   25.12      
19.909     25.159    

Дата и время работы:06/06/2021, 01:40:48
Введенные данные:
Время обработки каждой заявки:1минут
Время принятия заявок:3минут
Альфа:4
Результат выполнения программы:
Заявка, очередь и окончанение выполнения:
0   1.0      
0.011     1.011    
0.035       1.035  
0.059         1.059
0.234   2.004      
0.289     2.019    
0.42       2.04  
0.67         2.06
0.845   3.005      
0.976     3.026    
1.051       3.041  
1.051         3.061
1.226   4.006      
1.401     4.031    
1.401       4.041  
1.425         4.065
1.425   5.015      
1.524     5.034    
1.599       5.049  
1.774         5.074
1.774   6.024      
1.905     6.035    
1.916       6.056  
2.091         6.081
2.146   7.026      
2.201     7.041    
2.332       7.062  
2.407         7.087
2.462   8.032      
2.712     8.042    
2.787       8.067  
2.962         8.092

Дата и время работы:06/06/2021, 12:35:35
Введенные данные:
Время обработки каждой заявки:1минут
Время принятия заявок:5минут
Альфа:1
Результат выполнения программы:
Заявка, очередь и окончанение выполнения:
0   1.0      
0.046     1.046    
0.143       1.143  
0.541         1.541
0.763   2.003      
1.286     2.286    
1.684       2.684  
1.73         2.73
2.429   3.429      
2.584     3.584    
3.107       4.107  
3.806   4.806      
4.329     5.329    
